Techniques=SMAA,MinimalColorGrading,LiftGammaGain
TechniqueSorting=SMAA,MinimalColorGrading,LiftGammaGain
PreprocessorDefinitions=ENABLE_HISTOGRAM=0,MINIMAL_COLOR_GRADING_USE_HDR_BUFFER=0

[D3D9]
DepthCopyAtClearIndex=0
DepthCopyBeforeClears=0
DisableINTZ=0
UseAspectRatioHeuristics=1

[DX9_BUFFER_DETECTION]
DisableINTZ=0
PreserveDepthBuffer=0
PreserveDepthBufferIndex=4294967295
UseAspectRatioHeuristics=1

[GENERAL]
PerformanceMode=1
PreprocessorDefinitions=RESHADE_DEPTH_LINEARIZATION_FAR_PLANE=1000.0,RESHADE_DEPTH_INPUT_IS_UPSIDE_DOWN=0,RESHADE_DEPTH_INPUT_IS_REVERSED=1,RESHADE_DEPTH_INPUT_IS_LOGARITHMIC=0
PresetTransitionDelay=1000

[SMAA.fx]
CornerRounding=25
DebugOutput=0
DepthEdgeDetectionThreshold=0.010000
EdgeDetectionThreshold=0.100000
EdgeDetectionType=1
MaxSearchSteps=32
MaxSearchStepsDiagonal=16
PredicationEnabled=0
PredicationScale=2.000000
PredicationStrength=0.400000
PredicationThreshold=0.010000

[MinimalColorGrading.fx]
Exposure=0.100000
ColorFilter=0.941176,0.941176,1.000000
Saturation=1.000000
Contrast=1.000000
SaturationMode=2

[GammaLevel7]
RGB_Lift=1.000000,1.000000,1.000000
RGB_Gamma=1.250000,1.250000,1.250000
RGB_Gain=1.700000,1.700000,1.700000

[GammaLevel6]
RGB_Lift=1.000000,1.000000,1.000000
RGB_Gamma=1.225000,1.225000,1.225000
RGB_Gain=1.475000,1.475000,1.475000

[GammaLevel5]
RGB_Lift=1.000000,1.000000,1.000000
RGB_Gamma=1.200000,1.200000,1.200000
RGB_Gain=1.300000,1.300000,1.300000

[GammaLevel4]
RGB_Lift=1.000000,1.000000,1.000000
RGB_Gamma=1.100000,1.100000,1.100000
RGB_Gain=1.125000,1.125000,1.125000

[GammaLevel3]
RGB_Lift=1.000000,1.000000,1.000000
RGB_Gamma=1.000000,1.000000,1.000000
RGB_Gain=1.000000,1.000000,1.000000

[GammaLevel2]
RGB_Lift=1.000000,1.000000,1.000000
RGB_Gamma=0.950000,0.950000,0.950000
RGB_Gain=0.900000,0.900000,0.900000

[GammaLevel1]
RGB_Lift=1.000000,1.000000,1.000000
RGB_Gamma=0.900000,0.900000,0.900000
RGB_Gain=0.800000,0.800000,0.800000

[GammaLevel0]
RGB_Lift=1.000000,1.000000,1.000000
RGB_Gamma=0.850000,0.850000,0.850000
RGB_Gain=0.700000,0.700000,0.700000
